1438214400;0.00
1438300800;0.00
1438387200;0.00
1438473600;0.00
1438560000;0.00
1438646400;0.00
1438732800;0.00
1438819200;0.00
1438905600;3.00
1438992000;1.63
1439078400;0.00
1439164800;0.00
1439251200;0.94
1439337600;1.11
1439424000;1.59
1439510400;1.95
1439596800;1.65
1439683200;1.16
1439769600;1.42
1439856000;1.26
1439942400;1.18
1440028800;1.40
1440115200;1.50
1440201600;1.44
1440288000;1.38
1440374400;1.41
1440460800;1.25
1440547200;1.18
1440633600;1.17
1440720000;1.22
1440806400;1.22
1440892800;1.25
1440979200;1.13
1441065600;1.34
1441152000;1.26
1441238400;1.24
1441324800;1.23
1441411200;1.31
1441497600;1.37
1441584000;1.30
1441670400;1.31
1441756800;1.28
1441843200;1.22
1441929600;1.07
1442016000;1.07
1442102400;1.00
1442188800;0.92
1442275200;0.90
1442361600;0.95
1442448000;0.90
1442534400;0.89
1442620800;0.87
1442707200;0.92
1442793600;0.93
1442880000;0.90
1442966400;0.90
1443052800;0.86
1443139200;0.76
1443225600;0.71
1443312000;0.75
1443398400;0.69
1443484800;0.61
1443571200;0.65
1443657600;0.70
1443744000;0.67
1443830400;0.68
1443916800;0.69
1444003200;0.68
1444089600;0.66
1444176000;0.66
1444262400;0.63
1444348800;0.61
1444435200;0.65
1444521600;0.67
1444608000;0.64
1444694400;0.63
1444780800;0.55
1444867200;0.55
1444953600;0.56
1445040000;0.53
1445126400;0.52
1445212800;0.50
1445299200;0.47
1445385600;0.44
1445472000;0.51
1445558400;0.56
1445644800;0.55
1445731200;0.61
1445817600;0.67
1445904000;0.79
1445990400;0.92
1446076800;1.06
1446163200;1.22
1446249600;1.01
1446336000;0.97
1446422400;1.02
1446508800;1.01
1446595200;0.85
1446681600;0.91
1446768000;0.93
1446854400;0.92
1446940800;0.95
1447027200;1.00
1447113600;0.97
1447200000;0.84
1447286400;0.82
1447372800;0.88
1447459200;0.89
1447545600;0.89
1447632000;0.82
1447718400;0.97
1447804800;0.98
1447891200;0.97
1447977600;0.97
1448064000;0.95
1448150400;0.98
1448236800;0.96
1448323200;0.94
1448409600;0.90
1448496000;0.87
1448582400;0.88
1448668800;0.90
1448755200;0.89
1448841600;0.88
1448928000;0.88
1449014400;0.85
1449100800;0.81
1449187200;0.83
1449273600;0.85
1449360000;0.86
1449446400;0.82
1449532800;0.83
1449619200;0.80
1449705600;0.83
1449792000;0.85
1449878400;0.95
1449964800;0.95
1450051200;0.96
1450137600;0.98
1450224000;0.95
1450310400;0.90
1450396800;0.92
1450483200;0.90
1450569600;0.98
1450656000;0.95
1450742400;0.72
1450828800;0.89
1450915200;0.86
1451001600;0.87
1451088000;0.92
1451174400;0.88
1451260800;0.88
1451347200;0.88
1451433600;0.91
1451520000;0.94
1451606400;0.99
1451692800;0.96
1451779200;0.99
1451865600;0.96
1451952000;0.91
1452038400;0.95
1452124800;0.95
1452211200;0.99
1452297600;0.99
1452384000;1.06
1452470400;1.06
1452556800;1.16
1452643200;1.14
1452729600;1.13
1452816000;1.25
1452902400;1.24
1452988800;1.26
1453075200;1.43
1453161600;1.36
1453248000;1.44
1453334400;1.49
1453420800;1.54
1453507200;1.73
1453593600;1.75
1453680000;2.44
1453766400;2.55
1453852800;2.35
1453939200;2.42
1454025600;2.44
1454112000;2.49
1454198400;2.37
1454284800;2.17
1454371200;2.29
1454457600;2.37
1454544000;2.58
1454630400;2.53
1454716800;2.53
1454803200;2.77
1454889600;3.00
1454976000;3.54
1455062400;4.25
1455148800;4.97
1455235200;5.70
1455321600;4.94
1455408000;4.96
1455494400;5.25
1455580800;4.73
1455667200;4.14
1455753600;4.03
1455840000;4.42
1455926400;4.39
1456012800;4.33
1456099200;5.16
1456185600;5.66
1456272000;5.97
1456358400;6.00
1456444800;5.99
1456531200;6.14
1456617600;6.36
1456704000;6.31
1456790400;6.95
1456876800;8.47
1456963200;9.12
1457049600;9.12
1457136000;10.88
1457222400;10.83
1457308800;10.31
1457395200;9.67
1457481600;10.80
1457568000;11.21
1457654400;11.00
1457740800;12.27
1457827200;13.64
1457913600;12.80
1458000000;11.93
1458086400;13.26
1458172800;11.62
1458259200;9.67
1458345600;10.48
1458432000;10.20
1458518400;10.99
1458604800;11.58
1458691200;11.74
1458777600;11.65
1458864000;10.94
1458950400;10.92
1459036800;10.58
1459123200;11.08
1459209600;11.56
1459296000;11.75
1459382400;11.71
1459468800;11.60
1459555200;11.54
1459641600;11.57
1459728000;11.31
1459814400;10.60
1459900800;10.65
1459987200;10.29
1460073600;9.97
1460160000;9.55
1460246400;8.31
1460332800;8.47
1460419200;7.94
1460505600;7.86
1460592000;8.40
1460678400;8.39
1460764800;8.37
1460851200;9.26
1460937600;9.01
1461024000;8.93
1461110400;8.63
1461196800;8.37
1461283200;8.03
1461369600;8.25
1461456000;8.22
1461542400;7.71
1461628800;7.35
1461715200;7.66
1461801600;7.54
1461888000;7.45
1461974400;8.39
1462060800;8.74
1462147200;9.54
1462233600;9.67
1462320000;9.62
1462406400;9.66
1462492800;9.52
1462579200;9.37
1462665600;9.26
1462752000;9.42
1462838400;9.37
1462924800;9.67
1463011200;10.19
1463097600;10.57
1463184000;10.21
1463270400;10.17
1463356800;10.69
1463443200;11.82
1463529600;13.23
1463616000;13.92
1463702400;14.15
1463788800;13.50
1463875200;14.05
1463961600;13.89
1464048000;12.88
1464134400;12.38
1464220800;12.54
1464307200;11.49
1464393600;11.36
1464480000;12.19
1464566400;12.52
1464652800;13.41
1464739200;13.85
1464825600;13.81
1464912000;13.68
1464998400;13.68
1465084800;13.78
1465171200;13.90
1465257600;14.22
1465344000;14.55
1465430400;14.50
1465516800;14.11
1465603200;13.99
1465689600;14.92
1465776000;16.68
1465862400;17.88
1465948800;18.18
1466035200;19.58
1466121600;17.41
1466208000;12.89
1466294400;11.92
1466380800;11.48
1466467200;12.12
1466553600;14.24
1466640000;13.19
1466726400;13.86
1466812800;14.32
1466899200;13.98
1466985600;13.92
1467072000;12.79
1467158400;12.30
1467244800;12.49
1467331200;12.11
1467417600;12.12
1467504000;11.86
1467590400;11.41
1467676800;10.38
1467763200;10.65
1467849600;10.16
1467936000;10.79
1468022400;11.04
1468108800;10.89
1468195200;10.60
1468281600;10.61
1468368000;10.50
1468454400;11.06
1468540800;12.02
1468627200;11.84
1468713600;11.36
1468800000;11.32
1468886400;11.57
1468972800;12.26
1469059200;12.40
1469145600;13.79
1469232000;14.50
1469318400;13.33
1469404800;13.21
1469491200;12.87
1469577600;12.51
1469664000;12.79
1469750400;12.74
1469836800;12.70
1469923200;12.03
1470009600;11.47
1470096000;9.34
1470182400;9.35
1470268800;10.86
1470355200;11.01
1470441600;10.72
1470528000;10.98
1470614400;11.14
1470700800;11.82
1470787200;12.29
1470873600;11.92
1470960000;11.82
1471046400;11.62
1471132800;11.38
1471219200;11.13
1471305600;11.11
1471392000;10.93
1471478400;10.85
1471564800;10.74
1471651200;11.00
1471737600;11.14
1471824000;11.21
1471910400;11.06
1471996800;11.08
1472083200;11.18
1472169600;11.31
1472256000;11.22
1472342400;11.07
1472428800;10.96
1472515200;11.11
1472601600;11.38
1472688000;12.07
1472774400;12.12
1472860800;12.00
1472947200;11.74
1473033600;11.74
1473120000;11.66
1473206400;11.67
1473292800;11.54
1473379200;11.57
1473465600;11.83
1473552000;11.92
1473638400;11.81
1473724800;12.10
1473811200;12.03
1473897600;12.10
1473984000;12.36
1474070400;12.66
1474156800;12.67
1474243200;12.71
1474329600;13.85
1474416000;13.92
1474502400;13.14
1474588800;13.30
1474675200;13.08
1474761600;12.96
1474848000;12.97
1474934400;13.05
1475020800;13.29
1475107200;13.23
1475193600;13.22
1475280000;13.19
1475366400;13.23
1475452800;13.36
1475539200;13.37
1475625600;13.25
1475712000;12.92
1475798400;12.79
1475884800;12.40
1475971200;12.21
1476057600;11.87
1476144000;11.99
1476230400;11.89
1476316800;11.92
1476403200;11.96
1476489600;11.88
1476576000;11.97
1476662400;11.93
1476748800;12.43
1476835200;12.25
1476921600;12.12
1477008000;12.08
1477094400;12.05
1477180800;12.02
1477267200;11.98
1477353600;11.53
1477440000;11.50
1477526400;11.40
1477612800;11.28
1477699200;10.37
1477785600;10.88
1477872000;11.24
1477958400;10.75
1478044800;10.95
1478131200;10.94
1478217600;11.00
1478304000;11.09
1478390400;11.04
1478476800;10.92
1478563200;10.90
1478649600;10.57
1478736000;10.57
1478822400;10.41
1478908800;10.01
1478995200;10.03
1479081600;10.05
1479168000;10.08
1479254400;10.14
1479340800;10.02
1479427200;9.71
1479513600;9.61
1479600000;9.63
1479686400;9.56
1479772800;9.87
1479859200;9.82
1479945600;9.25
1480032000;9.45
1480118400;9.38
1480204800;9.01
1480291200;8.82
1480377600;8.26
1480464000;8.40
1480550400;8.48
1480636800;7.88
1480723200;7.85
1480809600;7.68
1480896000;7.07
1480982400;6.87
1481068800;7.92
1481155200;8.55
1481241600;8.32
1481328000;8.29
1481414400;8.16
1481500800;8.36
1481587200;8.43
1481673600;8.34
1481760000;7.97
1481846400;7.85
1481932800;7.70
1482019200;7.79
1482105600;7.73
1482192000;7.65
1482278400;7.77
1482364800;7.69
1482451200;7.37
1482537600;7.22
1482624000;7.22
1482710400;7.16
1482796800;7.19
1482883200;7.39
1482969600;8.03
1483056000;8.23
1483142400;8.09
1483228800;8.27
1483315200;8.27
1483401600;9.07
1483488000;10.15
1483574400;10.39
1483660800;9.93
1483747200;9.83
1483833600;10.06
1483920000;0.00
1484006400;10.44
1484092800;10.11
1484179200;9.60
1484265600;0.00
1484352000;9.71
1484438400;9.80
1484524800;9.79
1484611200;10.03
1484697600;10.16
1484784000;10.30
1484870400;10.55
1484956800;10.78
1485043200;10.79
1485129600;10.76
1485216000;10.65
1485302400;10.51
1485388800;10.56
1485475200;10.54
1485561600;10.49
1485648000;10.48
1485734400;10.55
1485820800;10.61
1485907200;10.64
1485993600;10.73
1486080000;10.78
1486166400;11.16
1486252800;11.24
1486339200;11.27
1486425600;11.39
1486512000;11.34
1486598400;11.02
1486684800;11.11
1486771200;11.34
1486857600;11.38
1486944000;11.34
1487030400;12.42
1487116800;13.01
1487203200;12.78
1487289600;12.83
1487376000;12.82
1487462400;12.83
1487548800;12.69
1487635200;12.55
1487721600;12.75
1487808000;12.98
1487894400;13.02
1487980800;13.40
1488067200;14.00
1488153600;15.14
1488240000;15.81
1488326400;16.63
1488412800;18.20
1488499200;19.35
1488585600;19.34
1488672000;18.79
1488758400;19.63
