1438214400;39316.09375
1438300800;36191.71875
1438387200;27705.9375
1438473600;28223.4375
1438560000;27976.71875
1438646400;28478.4375
1438732800;27528.59375
1438819200;27075.46875
1438905600;27437.65625
1438992000;27943.4375
1439078400;27178.28125
1439164800;27817.34375
1439251200;28027.8125
1439337600;27370.9375
1439424000;28268.125
1439510400;31106.71875
1439596800;28512.65625
1439683200;27094.53125
1439769600;28118.90625
1439856000;26162.8125
1439942400;27282.03125
1440028800;21057.03125
1440115200;26690.9375
1440201600;27550.46875
1440288000;26255.625
1440374400;27333.28125
1440460800;26736.09375
1440547200;26137.96875
1440633600;24532.8125
1440720000;24225.15625
1440806400;22525
1440892800;21453.59375
1440979200;21293.4375
1441065600;20342.96875
1441152000;18387.34375
1441238400;17380.9375
1441324800;23081.875
1441411200;25629.0625
1441497600;26168.28125
1441584000;25460.46875
1441670400;25892.5
1441756800;26427.65625
1441843200;26444.21875
1441929600;27239.84375
1442016000;26401.09375
1442102400;26171.40625
1442188800;25588.125
1442275200;25615.3125
1442361600;26318.125
1442448000;25435.625
1442534400;25901.71875
1442620800;27179.6875
1442707200;27982.65625
1442793600;26651.875
1442880000;26370.3125
1442966400;27080.3125
1443052800;26385.78125
1443139200;27003.4375
1443225600;25910.3125
1443312000;25011.09375
1443398400;24714.21875
1443484800;24368.4375
1443571200;25093.75
1443657600;27422.03125
1443744000;26913.125
1443830400;26453.75
1443916800;25480.15625
1444003200;26136.875
1444089600;25036.5625
1444176000;26133.59375
1444262400;26782.1875
1444348800;25447.65625
1444435200;25499.6875
1444521600;26510.78125
1444608000;26800
1444694400;26668.28125
1444780800;25875.625
1444867200;25610.46875
1444953600;25441.40625
1445040000;26450.625
1445126400;25848.28125
1445212800;25966.71875
1445299200;26192.5
1445385600;26046.40625
1445472000;25330.78125
1445558400;27558.59375
1445644800;27115
1445731200;26814.21875
1445817600;25915.3125
1445904000;27526.25
1445990400;26348.4375
1446076800;27507.03125
1446163200;27723.90625
1446249600;27747.8125
1446336000;28180.15625
1446422400;27134.21875
1446508800;27605.78125
1446595200;27716.40625
1446681600;27291.40625
1446768000;27422.1875
1446854400;26715.3125
1446940800;27289.0625
1447027200;27059.53125
1447113600;27444.0625
1447200000;27826.5625
1447286400;28024.53125
1447372800;28185.15625
1447459200;28357.65625
1447545600;28120.15625
1447632000;27395.15625
1447718400;27793.59375
1447804800;27252.03125
1447891200;26563.4375
1447977600;25130.46875
1448064000;26782.1875
1448150400;26988.59375
1448236800;27272.34375
1448323200;26848.125
1448409600;26471.875
1448496000;26538.4375
1448582400;27886.875
1448668800;27207.96875
1448755200;27347.8125
1448841600;27356.25
1448928000;27542.8125
1449014400;26007.03125
1449100800;28063.28125
1449187200;26679.375
1449273600;26581.875
1449360000;26255.78125
1449446400;26718.90625
1449532800;26312.5
1449619200;28324.0625
1449705600;27477.34375
1449792000;27022.8125
1449878400;27206.5625
1449964800;27907.34375
1450051200;26708.59375
1450137600;27014.53125
1450224000;26457.34375
1450310400;26883.125
1450396800;26671.5625
1450483200;26694.53125
1450569600;26436.09375
1450656000;26457.8125
1450742400;27374.375
1450828800;27399.375
1450915200;26686.5625
1451001600;26803.59375
1451088000;26560.15625
1451174400;26853.75
1451260800;27057.96875
1451347200;26661.09375
1451433600;26736.25
1451520000;26912.03125
1451606400;26066.5625
1451692800;27383.90625
1451779200;27675.78125
1451865600;27420.625
1451952000;27839.21875
1452038400;27625.46875
1452124800;27022.1875
1452211200;27996.71875
1452297600;27595.78125
1452384000;27287.96875
1452470400;27005.15625
1452556800;25900.78125
1452643200;26535.3125
1452729600;26919.21875
1452816000;26797.34375
1452902400;26523.125
1452988800;26599.84375
1453075200;26620.15625
1453161600;26092.8125
1453248000;26542.5
1453334400;25919.21875
1453420800;26255
1453507200;25769.6875
1453593600;27242.96875
1453680000;25697.03125
1453766400;26989.21875
1453852800;26100.78125
1453939200;26564.6875
1454025600;26160.46875
1454112000;26193.125
1454198400;25681.875
1454284800;26431.25
1454371200;25868.4375
1454457600;27297.96875
1454544000;26562.34375
1454630400;26558.59375
1454716800;26345.78125
1454803200;26684.6875
1454889600;26655
1454976000;26471.09375
1455062400;26161.25
1455148800;26477.8125
1455235200;26502.03125
1455321600;26881.5625
1455408000;26329.0625
1455494400;26225.3125
1455580800;26445.78125
1455667200;25672.03125
1455753600;26214.84375
1455840000;26655.46875
1455926400;26560.78125
1456012800;26536.5625
1456099200;26757.8125
1456185600;26170
1456272000;26426.875
1456358400;26823.75
1456444800;26654.0625
1456531200;26199.84375
1456617600;26422.03125
1456704000;25229.53125
1456790400;26481.09375
1456876800;26644.21875
1456963200;26111.25
1457049600;25885.3125
1457136000;26582.1875
1457222400;25399.6875
1457308800;25985.46875
1457395200;25823.125
1457481600;25743.28125
1457568000;26627.5
1457654400;26302.5
1457740800;26370.15625
1457827200;27250.46875
1457913600;26407.96875
1458000000;31223.59375
1458086400;31490.15625
1458172800;32024.53125
1458259200;31287.1875
1458345600;32078.4375
1458432000;31595.15625
1458518400;31382.96875
1458604800;31711.875
1458691200;31294.0625
1458777600;32071.09375
1458864000;31889.84375
1458950400;31935.3125
1459036800;31630.78125
1459123200;31306.5625
1459209600;31437.8125
1459296000;31700.46875
1459382400;31388.90625
1459468800;31884.6875
1459555200;31081.25
1459641600;31729.6875
1459728000;31953.125
1459814400;31574.84375
1459900800;31262.65625
1459987200;31167.34375
1460073600;31914.375
1460160000;30913.59375
1460246400;31781.71875
1460332800;30966.5625
1460419200;31382.8125
1460505600;31486.09375
1460592000;31401.09375
1460678400;31733.4375
1460764800;31531.25
1460851200;31503.125
1460937600;31859.53125
1461024000;31326.5625
1461110400;31831.40625
1461196800;31373.90625
1461283200;31576.71875
1461369600;31693.59375
1461456000;31495
1461542400;32137.03125
1461628800;31287.8125
1461715200;31875
1461801600;31682.5
1461888000;31683.59375
1461974400;31891.71875
1462060800;31012.8125
1462147200;31911.5625
1462233600;31791.25
1462320000;31458.75
1462406400;31780
1462492800;31737.65625
1462579200;31573.125
1462665600;31849.21875
1462752000;31801.40625
1462838400;31700.9375
1462924800;31253.125
1463011200;32257.03125
1463097600;32196.71875
1463184000;31667.8125
1463270400;31808.59375
1463356800;31511.5625
1463443200;32192.1875
1463529600;32404.375
1463616000;31903.59375
1463702400;32089.6875
1463788800;31839.53125
1463875200;32256.25
1463961600;32080.625
1464048000;32003.28125
1464134400;32357.03125
1464220800;32044.375
1464307200;32321.71875
1464393600;32318.59375
1464480000;31972.34375
1464566400;32004.0625
1464652800;31532.96875
1464739200;32144.21875
1464825600;32182.1875
1464912000;32272.1875
1464998400;32141.5625
1465084800;31583.125
1465171200;32371.875
1465257600;31945.9375
1465344000;32302.96875
1465430400;32225.9375
1465516800;31164.21875
1465603200;32375.46875
1465689600;32216.875
1465776000;32224.21875
1465862400;32145.46875
1465948800;31867.03125
1466035200;31877.65625
1466121600;33416.40625
1466208000;34387.1875
1466294400;33195.46875
1466380800;31714.84375
1466467200;31988.4375
1466553600;32670.625
1466640000;31848.125
1466726400;32171.875
1466812800;31685.9375
1466899200;32314.6875
1466985600;32094.84375
1467072000;32161.40625
1467158400;31870
1467244800;31986.09375
1467331200;32618.28125
1467417600;31916.5625
1467504000;32039.6875
1467590400;32140.9375
1467676800;31577.8125
1467763200;32354.84375
1467849600;31895.9375
1467936000;31949.53125
1468022400;32798.125
1468108800;31965.46875
1468195200;31985.3125
1468281600;31761.09375
1468368000;32158.59375
1468454400;31810.78125
1468540800;31884.6875
1468627200;32170.46875
1468713600;31777.34375
1468800000;32498.125
1468886400;31773.90625
1468972800;31914.84375
1469059200;32783.75
1469145600;31690.625
1469232000;32395
1469318400;31476.25
1469404800;31991.5625
1469491200;30777.5
1469577600;32937.8125
1469664000;32354.21875
1469750400;31939.375
1469836800;31641.71875
1469923200;32219.53125
1470009600;31594.375
1470096000;31355.15625
1470182400;31707.65625
1470268800;32852.8125
1470355200;32232.03125
1470441600;31589.84375
1470528000;32291.09375
1470614400;32175.9375
1470700800;32666.40625
1470787200;32162.96875
1470873600;32204.84375
1470960000;32103.28125
1471046400;31998.90625
1471132800;31968.90625
1471219200;32328.90625
1471305600;32037.1875
1471392000;31994.53125
1471478400;32789.0625
1471564800;31841.40625
1471651200;32235.625
1471737600;32692.34375
1471824000;32292.8125
1471910400;32183.90625
1471996800;32273.4375
1472083200;32135.625
1472169600;31871.40625
1472256000;32306.40625
1472342400;32027.96875
1472428800;31926.40625
1472515200;31874.84375
1472601600;32134.53125
1472688000;31744.6875
1472774400;32384.0625
1472860800;31495.9375
1472947200;31864.0625
1473033600;32189.6875
1473120000;31681.40625
1473206400;32267.8125
1473292800;31908.59375
1473379200;32216.875
1473465600;31830.625
1473552000;32352.96875
1473638400;32237.03125
1473724800;31904.84375
1473811200;32528.75
1473897600;32182.8125
1473984000;32239.0625
1474070400;32155
1474156800;29573.90625
1474243200;34276.875
1474329600;32492.5
1474416000;32083.75
1474502400;31605.625
1474588800;34280
1474675200;33324.84375
1474761600;34390.46875
1474848000;32130.78125
1474934400;35284.375
1475020800;32403.4375
1475107200;32313.4375
1475193600;31623.28125
1475280000;34478.59375
1475366400;35760.78125
1475452800;33274.53125
1475539200;32051.40625
1475625600;33081.5625
1475712000;32841.875
1475798400;36551.875
1475884800;36094.6875
1475971200;33425.625
1476057600;33130.9375
1476144000;32479.53125
1476230400;33092.65625
1476316800;34826.25
1476403200;32913.75
1476489600;32207.1875
1476576000;32930.3125
1476662400;32377.8125
1476748800;33320.3125
1476835200;33149.6875
1476921600;34529.0625
1477008000;32126.875
1477094400;31702.65625
1477180800;31331.875
1477267200;32061.875
1477353600;31664.53125
1477440000;31956.875
1477526400;31445
1477612800;31079.0625
1477699200;29629.53125
1477785600;31960.46875
1477872000;32021.25
1477958400;30498.4375
1478044800;31142.03125
1478131200;31215.9375
1478217600;30923.59375
1478304000;31424.53125
1478390400;31800.15625
1478476800;33259.0625
1478563200;32327.1875
1478649600;31002.34375
1478736000;31210.78125
1478822400;31339.375
1478908800;31950
1478995200;32424.21875
1479081600;31884.21875
1479168000;31437.03125
1479254400;31581.40625
1479340800;30808.59375
1479427200;33100.78125
1479513600;32331.09375
1479600000;32460.15625
1479686400;31811.5625
1479772800;31177.5
1479859200;32625.625
1479945600;32397.65625
1480032000;33434.84375
1480118400;32495.9375
1480204800;33711.09375
1480291200;33939.84375
1480377600;32971.09375
1480464000;31840
1480550400;31748.28125
1480636800;31796.40625
1480723200;32116.40625
1480809600;31172.5
1480896000;31234.6875
1480982400;31975.625
1481068800;31710.625
1481155200;32094.0625
1481241600;31660.625
1481328000;31676.40625
1481414400;31782.03125
1481500800;31339.375
1481587200;31810
1481673600;31850.46875
1481760000;31367.8125
1481846400;31756.40625
1481932800;31962.34375
1482019200;31892.5
1482105600;31470.46875
1482192000;31668.90625
1482278400;31592.96875
1482364800;31074.0625
1482451200;31117.34375
1482537600;31326.875
1482624000;32008.4375
1482710400;31644.6875
1482796800;31226.5625
1482883200;31571.40625
1482969600;31818.75
1483056000;31681.5625
1483142400;31228.125
1483228800;31748.28125
1483315200;31530.78125
1483401600;31523.28125
1483488000;32099.53125
1483574400;31817.03125
1483660800;31359.53125
1483747200;31895
1483833600;31684.375
1483920000;31750.3125
1484006400;31349.375
1484092800;31522.96875
1484179200;31556.71875
1484265600;31730.3125
1484352000;31478.125
1484438400;31702.03125
1484524800;31540.3125
1484611200;31296.09375
1484697600;31607.96875
1484784000;32121.09375
1484870400;31121.09375
1484956800;31523.75
1485043200;31577.8125
1485129600;31498.4375
1485216000;31420.46875
1485302400;31423.59375
1485388800;31784.6875
1485475200;31114.84375
1485561600;31527.96875
1485648000;31133.125
1485734400;31915.3125
1485820800;31413.90625
1485907200;31332.1875
1485993600;31414.84375
1486080000;31273.28125
1486166400;31760.78125
1486252800;31601.5625
1486339200;31623.59375
1486425600;31491.40625
1486512000;31707.96875
1486598400;31427.1875
1486684800;31496.40625
1486771200;31589.84375
1486857600;31569.6875
1486944000;31734.0625
1487030400;31470.9375
1487116800;31721.40625
1487203200;31539.84375
1487289600;31327.8125
1487376000;31211.71875
1487462400;31267.1875
1487548800;31387.8125
1487635200;31416.875
1487721600;30987.34375
1487808000;31229.53125
1487894400;31263.59375
1487980800;31553.90625
1488067200;31820.15625
1488153600;31246.40625
1488240000;31856.09375
1488326400;31144.84375
1488412800;31630.9375
1488499200;31298.90625
1488585600;31172.65625
1488672000;31561.875
1488758400;31153.125
