1438214400;0
1438300800;0
1438387200;0
1438473600;0
1438560000;0
1438646400;0
1438732800;0
1438819200;0
1438905600;122980
1438992000;1940277
1439078400;3141325
1439164800;3141511
1439251200;3141521
1439337600;3141555
1439424000;3141552
1439510400;3141575
1439596800;3141584
1439683200;3141581
1439769600;3141589
1439856000;3141585
1439942400;3141611
1440028800;3141608
1440115200;3141620
1440201600;3141669
1440288000;3141828
1440374400;3141762
1440460800;3141658
1440547200;3141656
1440633600;3141738
1440720000;3141816
1440806400;3141640
1440892800;3141760
1440979200;3141670
1441065600;3142022
1441152000;3141705
1441238400;3141915
1441324800;3141831
1441411200;3141859
1441497600;3141785
1441584000;3141753
1441670400;3141945
1441756800;3141686
1441843200;3141856
1441929600;3141709
1442016000;3141607
1442102400;3141606
1442188800;3141838
1442275200;3141800
1442361600;3141820
1442448000;3141794
1442534400;3141637
1442620800;3141615
1442707200;3142039
1442793600;3141982
1442880000;3141713
1442966400;3141858
1443052800;3141870
1443139200;3141685
1443225600;3141649
1443312000;3141739
1443398400;3141657
1443484800;3141780
1443571200;3141889
1443657600;3141822
1443744000;3141782
1443830400;3141755
1443916800;3141756
1444003200;3141678
1444089600;3141827
1444176000;3141680
1444262400;3141709
1444348800;3141695
1444435200;3141792
1444521600;3141731
1444608000;3141695
1444694400;3141683
1444780800;3141697
1444867200;3141699
1444953600;3141670
1445040000;3141653
1445126400;3141624
1445212800;3141665
1445299200;3141727
1445385600;3141707
1445472000;3141732
1445558400;3141638
1445644800;3141626
1445731200;3141631
1445817600;3141613
1445904000;3141603
1445990400;3141629
1446076800;3141634
1446163200;3141598
1446249600;3141633
1446336000;3141603
1446422400;3141654
1446508800;3141601
1446595200;3141728
1446681600;3141619
1446768000;3141598
1446854400;3141648
1446940800;3141634
1447027200;3141601
1447113600;3141605
1447200000;3141604
1447286400;3141977
1447372800;3141601
1447459200;3141660
1447545600;3141650
1447632000;3141691
1447718400;3141628
1447804800;3141600
1447891200;3141601
1447977600;3141629
1448064000;3141598
1448150400;3141599
1448236800;3141623
1448323200;3141597
1448409600;3141605
1448496000;3141604
1448582400;3141597
1448668800;3141615
1448755200;3141597
1448841600;3141791
1448928000;3141605
1449014400;3141635
1449100800;3141598
1449187200;3141596
1449273600;3141598
1449360000;3141608
1449446400;3141601
1449532800;3141598
1449619200;3141606
1449705600;3141594
1449792000;3141605
1449878400;3141646
1449964800;3141609
1450051200;3141665
1450137600;3185202
1450224000;3141637
1450310400;3141623
1450396800;3141645
1450483200;3141624
1450569600;3141680
1450656000;3141615
1450742400;3142834
1450828800;3172096
1450915200;3141625
1451001600;3141620
1451088000;3141622
1451174400;3236740
1451260800;3141597
1451347200;3141598
1451433600;3160925
1451520000;3141595
1451606400;3141603
1451692800;3141599
1451779200;3141597
1451865600;3141599
1451952000;3164299
1452038400;3153939
1452124800;3146103
1452211200;3141612
1452297600;3141674
1452384000;3141631
1452470400;3141626
1452556800;3141755
1452643200;3174885
1452729600;3141660
1452816000;3141784
1452902400;3141697
1452988800;3141705
1453075200;3141706
1453161600;3142004
1453248000;3141623
1453334400;3141658
1453420800;3146193
1453507200;3141776
1453593600;3141605
1453680000;3141736
1453766400;3141650
1453852800;3141823
1453939200;3141716
1454025600;3141700
1454112000;3141702
1454198400;3141694
1454284800;3141687
1454371200;3141681
1454457600;3141616
1454544000;3141737
1454630400;3141759
1454716800;3148709
1454803200;3141675
1454889600;3141641
1454976000;3141802
1455062400;3141830
1455148800;3141718
1455235200;3141698
1455321600;3141725
1455408000;3141778
1455494400;3141706
1455580800;3141729
1455667200;3143592
1455753600;3141782
1455840000;3141756
1455926400;3141824
1456012800;3141902
1456099200;3142258
1456185600;3142409
1456272000;3143956
1456358400;3141897
1456444800;3143521
1456531200;3141967
1456617600;3141769
1456704000;3141964
1456790400;3142423
1456876800;3142665
1456963200;3242101
1457049600;4695527
1457136000;4709277
1457222400;4438141
1457308800;3875339
1457395200;4711522
1457481600;4712467
1457568000;4712870
1457654400;4712904
1457740800;4712924
1457827200;4712904
1457913600;4712957
1458000000;4713075
1458086400;4713327
1458172800;4714210
1458259200;4713155
1458345600;4713287
1458432000;4713325
1458518400;4713399
1458604800;4713157
1458691200;4713319
1458777600;4714155
1458864000;4713540
1458950400;4722269
1459036800;4713640
1459123200;4713570
1459209600;4713614
1459296000;4713691
1459382400;4713832
1459468800;4713679
1459555200;4713890
1459641600;4713803
1459728000;4713616
1459814400;4724565
1459900800;4713800
1459987200;4713527
1460073600;4714016
1460160000;4714039
1460246400;4713934
1460332800;4713823
1460419200;4713621
1460505600;4718004
1460592000;4718779
1460678400;4717797
1460764800;4714147
1460851200;4721046
1460937600;4713144
1461024000;4714315
1461110400;4714212
1461196800;4715412
1461283200;4714064
1461369600;4714236
1461456000;4714252
1461542400;4716436
1461628800;4714308
1461715200;4713917
1461801600;4714138
1461888000;4713590
1461974400;4714320
1462060800;4713107
1462147200;4714088
1462233600;4713737
1462320000;4713920
1462406400;4715226
1462492800;4715728
1462579200;4714065
1462665600;4714106
1462752000;4713748
1462838400;4714178
1462924800;4714185
1463011200;4714093
1463097600;4713160
1463184000;4713397
1463270400;4714369
1463356800;4713851
1463443200;4714319
1463529600;4713459
1463616000;4715213
1463702400;4713841
1463788800;4714608
1463875200;4713821
1463961600;4714337
1464048000;4713730
1464134400;4713684
1464220800;4713891
1464307200;4714074
1464393600;4714821
1464480000;4714194
1464566400;4713670
1464652800;4714210
1464739200;4713960
1464825600;4714600
1464912000;4714078
1464998400;4715007
1465084800;4714409
1465171200;4714589
1465257600;4719063
1465344000;4714509
1465430400;4714373
1465516800;4714931
1465603200;4713180
1465689600;4715962
1465776000;4714085
1465862400;4714591
1465948800;4714394
1466035200;4712945
1466121600;4749209
1466208000;4714242
1466294400;4713312
1466380800;4713085
1466467200;4713173
1466553600;4712996
1466640000;4712945
1466726400;4713445
1466812800;4710953
1466899200;4202711
1466985600;3143761
1467072000;3271202
1467158400;4712216
1467244800;4713204
1467331200;4712682
1467417600;4713667
1467504000;4713560
1467590400;4712411
1467676800;4711458
1467763200;4711333
1467849600;4711678
1467936000;4711337
1468022400;4711317
1468108800;4711269
1468195200;4711087
1468281600;4711258
1468368000;4710676
1468454400;4710269
1468540800;4709863
1468627200;4711033
1468713600;4710029
1468800000;4709453
1468886400;4712214
1468972800;4711461
1469059200;4710519
1469145600;4711014
1469232000;4710949
1469318400;4710831
1469404800;4711126
1469491200;4711168
1469577600;4710791
1469664000;4710949
1469750400;4711545
1469836800;4710901
1469923200;4710794
1470009600;4711025
1470096000;4710455
1470182400;4710898
1470268800;4710665
1470355200;4710698
1470441600;4711247
1470528000;4711547
1470614400;4711440
1470700800;4711480
1470787200;4711080
1470873600;4710417
1470960000;4711106
1471046400;4711142
1471132800;4711301
1471219200;4710725
1471305600;4711205
1471392000;4711333
1471478400;4711047
1471564800;4709864
1471651200;4710609
1471737600;4710156
1471824000;4710135
1471910400;4709295
1471996800;4709493
1472083200;4709477
1472169600;4709561
1472256000;4709742
1472342400;4709810
1472428800;4709892
1472515200;4709163
1472601600;4709169
1472688000;4708806
1472774400;4709322
1472860800;4708902
1472947200;4708699
1473033600;4709998
1473120000;4709819
1473206400;4709743
1473292800;4709567
1473379200;4709764
1473465600;4709779
1473552000;4709347
1473638400;4709199
1473724800;4709188
1473811200;4709109
1473897600;4709145
1473984000;4709239
1474070400;4708655
1474156800;4707956
1474243200;4700188
1474329600;4700337
1474416000;4701179
1474502400;4288910
1474588800;1002439
1474675200;1171866
1474761600;1499421
1474848000;1499865
1474934400;1500023
1475020800;1499957
1475107200;1499913
1475193600;1499703
1475280000;1500303
1475366400;1499492
1475452800;1499443
1475539200;1499001
1475625600;1498534
1475712000;1498143
1475798400;1495809
1475884800;1497289
1475971200;1497217
1476057600;1495837
1476144000;1495918
1476230400;1496324
1476316800;1495940
1476403200;1222433
1476489600;500409
1476576000;500401
1476662400;500238
1476748800;777144
1476835200;2846462
1476921600;1657755
1477008000;1203674
1477094400;1294716
1477180800;1997458
1477267200;1999236
1477353600;1999259
1477440000;1999273
1477526400;1999209
1477612800;1999189
1477699200;1999048
1477785600;1999102
1477872000;1999056
1477958400;1999027
1478044800;1998359
1478131200;1998698
1478217600;1998811
1478304000;1998836
1478390400;1998560
1478476800;1998737
1478563200;1998842
1478649600;1998969
1478736000;1998946
1478822400;1998527
1478908800;1999114
1478995200;1998932
1479081600;1998511
1479168000;1998874
1479254400;1998890
1479340800;1998694
1479427200;1997356
1479513600;1996428
1479600000;1997325
1479686400;1997295
1479772800;1997825
1479859200;2034874
1479945600;3224321
1480032000;3299571
1480118400;3299530
1480204800;3299028
1480291200;3299394
1480377600;3299547
1480464000;3293862
1480550400;3292451
1480636800;3291199
1480723200;3290780
1480809600;3291411
1480896000;3926785
1480982400;3997425
1481068800;4001886
1481155200;4006060
1481241600;4005990
1481328000;4005120
1481414400;4005638
1481500800;4012790
1481587200;4008647
1481673600;4010315
1481760000;4009752
1481846400;4010738
1481932800;4007103
1482019200;4004408
1482105600;4004278
1482192000;4008755
1482278400;4006388
1482364800;4005071
1482451200;4005530
1482537600;4005314
1482624000;4005173
1482710400;4004528
1482796800;4002387
1482883200;4003240
1482969600;4002971
1483056000;4003148
1483142400;4005641
1483228800;4004494
1483315200;4005192
1483401600;4004606
1483488000;4004246
1483574400;4004576
1483660800;4005286
1483747200;4004812
1483833600;4005788
1483920000;4006987
1484006400;4003798
1484092800;4004492
1484179200;4007178
1484265600;4007972
1484352000;4005799
1484438400;4005652
1484524800;4006416
1484611200;4005926
1484697600;4006634
1484784000;4006932
1484870400;4005670
1484956800;4006350
1485043200;4008101
1485129600;4007046
1485216000;4006384
1485302400;4005629
1485388800;4005536
1485475200;4004172
1485561600;4004703
1485648000;4004799
1485734400;4004426
1485820800;4005092
1485907200;4004053
1485993600;4003996
1486080000;4005129
1486166400;4005458
1486252800;4004770
1486339200;4006549
1486425600;4006191
1486512000;4007044
1486598400;4006817
1486684800;4006488
1486771200;4006035
1486857600;4006386
1486944000;4007567
1487030400;4006644
1487116800;4008972
1487203200;4009688
1487289600;4006606
1487376000;4006562
1487462400;4006797
1487548800;4006821
1487635200;4007765
1487721600;4009128
1487808000;4009303
1487894400;4010814
1487980800;4009354
1488067200;4012114
1488153600;4022567
1488240000;4032516
1488326400;4019383
1488412800;4020666
1488499200;4017598
1488585600;4012281
1488672000;4008611
1488758400;4010710
