1438214400;1299
1438300800;511
1438387200;334
1438473600;394
1438560000;443
1438646400;458
1438732800;371
1438819200;411
1438905600;409
1438992000;458
1439078400;421
1439164800;415
1439251200;438
1439337600;474
1439424000;504
1439510400;555
1439596800;441
1439683200;385
1439769600;377
1439856000;390
1439942400;361
1440028800;257
1440115200;338
1440201600;323
1440288000;320
1440374400;377
1440460800;335
1440547200;303
1440633600;266
1440720000;257
1440806400;232
1440892800;179
1440979200;182
1441065600;171
1441152000;135
1441238400;126
1441324800;232
1441411200;274
1441497600;345
1441584000;343
1441670400;348
1441756800;345
1441843200;383
1441929600;411
1442016000;339
1442102400;353
1442188800;360
1442275200;378
1442361600;412
1442448000;372
1442534400;403
1442620800;490
1442707200;389
1442793600;340
1442880000;298
1442966400;334
1443052800;341
1443139200;366
1443225600;338
1443312000;307
1443398400;275
1443484800;314
1443571200;356
1443657600;373
1443744000;324
1443830400;292
1443916800;281
1444003200;292
1444089600;266
1444176000;295
1444262400;270
1444348800;245
1444435200;270
1444521600;301
1444608000;284
1444694400;301
1444780800;320
1444867200;263
1444953600;273
1445040000;312
1445126400;297
1445212800;291
1445299200;332
1445385600;289
1445472000;305
1445558400;331
1445644800;336
1445731200;351
1445817600;366
1445904000;376
1445990400;398
1446076800;453
1446163200;409
1446249600;554
1446336000;625
1446422400;531
1446508800;573
1446595200;549
1446681600;473
1446768000;450
1446854400;550
1446940800;570
1447027200;509
1447113600;574
1447200000;702
1447286400;693
1447372800;681
1447459200;713
1447545600;561
1447632000;577
1447718400;515
1447804800;489
1447891200;446
1447977600;403
1448064000;422
1448150400;459
1448236800;483
1448323200;484
1448409600;464
1448496000;486
1448582400;528
1448668800;571
1448755200;550
1448841600;516
1448928000;566
1449014400;501
1449100800;537
1449187200;432
1449273600;412
1449360000;453
1449446400;493
1449532800;464
1449619200;602
1449705600;467
1449792000;454
1449878400;486
1449964800;399
1450051200;455
1450137600;445
1450224000;407
1450310400;420
1450396800;414
1450483200;401
1450569600;447
1450656000;418
1450742400;456
1450828800;488
1450915200;422
1451001600;371
1451088000;405
1451174400;468
1451260800;439
1451347200;463
1451433600;420
1451520000;449
1451606400;434
1451692800;505
1451779200;529
1451865600;516
1451952000;583
1452038400;575
1452124800;558
1452211200;555
1452297600;553
1452384000;483
1452470400;389
1452556800;329
1452643200;402
1452729600;387
1452816000;363
1452902400;344
1452988800;379
1453075200;333
1453161600;326
1453248000;360
1453334400;295
1453420800;324
1453507200;302
1453593600;379
1453680000;345
1453766400;327
1453852800;317
1453939200;334
1454025600;339
1454112000;296
1454198400;352
1454284800;360
1454371200;294
1454457600;347
1454544000;335
1454630400;355
1454716800;377
1454803200;334
1454889600;344
1454976000;319
1455062400;360
1455148800;366
1455235200;357
1455321600;378
1455408000;370
1455494400;358
1455580800;349
1455667200;373
1455753600;327
1455840000;395
1455926400;345
1456012800;338
1456099200;330
1456185600;356
1456272000;340
1456358400;320
1456444800;366
1456531200;327
1456617600;341
1456704000;305
1456790400;331
1456876800;327
1456963200;288
1457049600;266
1457136000;266
1457222400;258
1457308800;247
1457395200;220
1457481600;237
1457568000;200
1457654400;264
1457740800;321
1457827200;351
1457913600;259
1458000000;391
1458086400;401
1458172800;477
1458259200;434
1458345600;494
1458432000;425
1458518400;419
1458604800;404
1458691200;422
1458777600;467
1458864000;451
1458950400;442
1459036800;409
1459123200;386
1459209600;402
1459296000;435
1459382400;377
1459468800;430
1459555200;408
1459641600;458
1459728000;448
1459814400;415
1459900800;373
1459987200;403
1460073600;420
1460160000;375
1460246400;431
1460332800;370
1460419200;378
1460505600;415
1460592000;379
1460678400;418
1460764800;416
1460851200;412
1460937600;457
1461024000;430
1461110400;453
1461196800;417
1461283200;415
1461369600;427
1461456000;460
1461542400;469
1461628800;434
1461715200;452
1461801600;440
1461888000;439
1461974400;455
1462060800;370
1462147200;438
1462233600;448
1462320000;444
1462406400;464
1462492800;465
1462579200;468
1462665600;459
1462752000;445
1462838400;470
1462924800;476
1463011200;493
1463097600;539
1463184000;534
1463270400;475
1463356800;470
1463443200;510
1463529600;532
1463616000;459
1463702400;478
1463788800;485
1463875200;460
1463961600;516
1464048000;501
1464134400;557
1464220800;492
1464307200;527
1464393600;563
1464480000;487
1464566400;498
1464652800;459
1464739200;483
1464825600;454
1464912000;526
1464998400;506
1465084800;440
1465171200;460
1465257600;490
1465344000;463
1465430400;438
1465516800;411
1465603200;447
1465689600;468
1465776000;447
1465862400;491
1465948800;453
1466035200;449
1466121600;1053
1466208000;1230
1466294400;515
1466380800;491
1466467200;490
1466553600;492
1466640000;452
1466726400;484
1466812800;422
1466899200;506
1466985600;455
1467072000;457
1467158400;480
1467244800;515
1467331200;497
1467417600;478
1467504000;454
1467590400;450
1467676800;462
1467763200;479
1467849600;434
1467936000;493
1468022400;548
1468108800;435
1468195200;466
1468281600;435
1468368000;435
1468454400;457
1468540800;490
1468627200;447
1468713600;415
1468800000;496
1468886400;489
1468972800;543
1469059200;500
1469145600;472
1469232000;472
1469318400;444
1469404800;450
1469491200;424
1469577600;510
1469664000;483
1469750400;504
1469836800;431
1469923200;505
1470009600;440
1470096000;461
1470182400;437
1470268800;466
1470355200;469
1470441600;419
1470528000;467
1470614400;462
1470700800;497
1470787200;467
1470873600;455
1470960000;505
1471046400;453
1471132800;441
1471219200;461
1471305600;434
1471392000;481
1471478400;570
1471564800;441
1471651200;492
1471737600;571
1471824000;478
1471910400;529
1471996800;502
1472083200;420
1472169600;461
1472256000;485
1472342400;463
1472428800;465
1472515200;439
1472601600;449
1472688000;454
1472774400;490
1472860800;438
1472947200;438
1473033600;458
1473120000;429
1473206400;422
1473292800;463
1473379200;464
1473465600;460
1473552000;479
1473638400;485
1473724800;471
1473811200;520
1473897600;514
1473984000;482
1474070400;492
1474156800;429
1474243200;672
1474329600;476
1474416000;500
1474502400;848
1474588800;868
1474675200;1103
1474761600;863
1474848000;877
1474934400;1436
1475020800;522
1475107200;462
1475193600;433
1475280000;1507
1475366400;1445
1475452800;661
1475539200;533
1475625600;1234
1475712000;896
1475798400;2044
1475884800;1394
1475971200;880
1476057600;814
1476144000;633
1476230400;969
1476316800;1208
1476403200;708
1476489600;582
1476576000;746
1476662400;718
1476748800;758
1476835200;1178
1476921600;842
1477008000;464
1477094400;425
1477180800;388
1477267200;488
1477353600;425
1477440000;416
1477526400;384
1477612800;382
1477699200;361
1477785600;467
1477872000;436
1477958400;362
1478044800;381
1478131200;410
1478217600;391
1478304000;405
1478390400;421
1478476800;470
1478563200;426
1478649600;383
1478736000;385
1478822400;384
1478908800;424
1478995200;395
1479081600;431
1479168000;393
1479254400;377
1479340800;415
1479427200;465
1479513600;431
1479600000;425
1479686400;398
1479772800;424
1479859200;916
1479945600;793
1480032000;831
1480118400;778
1480204800;1107
1480291200;1039
1480377600;843
1480464000;436
1480550400;417
1480636800;401
1480723200;373
1480809600;356
1480896000;346
1480982400;424
1481068800;376
1481155200;418
1481241600;396
1481328000;369
1481414400;365
1481500800;384
1481587200;412
1481673600;407
1481760000;382
1481846400;385
1481932800;395
1482019200;396
1482105600;371
1482192000;373
1482278400;351
1482364800;362
1482451200;379
1482537600;364
1482624000;390
1482710400;370
1482796800;346
1482883200;365
1482969600;396
1483056000;382
1483142400;356
1483228800;337
1483315200;353
1483401600;385
1483488000;393
1483574400;381
1483660800;373
1483747200;388
1483833600;372
1483920000;378
1484006400;344
1484092800;367
1484179200;367
1484265600;346
1484352000;328
1484438400;369
1484524800;366
1484611200;371
1484697600;363
1484784000;383
1484870400;375
1484956800;368
1485043200;354
1485129600;354
1485216000;351
1485302400;387
1485388800;394
1485475200;335
1485561600;347
1485648000;372
1485734400;406
1485820800;373
1485907200;362
1485993600;331
1486080000;373
1486166400;385
1486252800;338
1486339200;383
1486425600;417
1486512000;387
1486598400;354
1486684800;361
1486771200;387
1486857600;358
1486944000;382
1487030400;378
1487116800;361
1487203200;351
1487289600;350
1487376000;343
1487462400;326
1487548800;362
1487635200;320
1487721600;319
1487808000;317
1487894400;335
1487980800;377
1488067200;381
1488153600;361
1488240000;367
1488326400;379
1488412800;370
1488499200;353
1488585600;353
1488672000;340
1488758400;360
