1438214400;6912
1438300800;6863
1438387200;5293
1438473600;5358
1438560000;5280
1438646400;5368
1438732800;5235
1438819200;5116
1438905600;5189
1438992000;5256
1439078400;5123
1439164800;5255
1439251200;5280
1439337600;5124
1439424000;5286
1439510400;5809
1439596800;5382
1439683200;5132
1439769600;5347
1439856000;4948
1439942400;5192
1440028800;4024
1440115200;5088
1440201600;5271
1440288000;5013
1440374400;5184
1440460800;5097
1440547200;5003
1440633600;4708
1440720000;4653
1440806400;4329
1440892800;4155
1440979200;4122
1441065600;3938
1441152000;3577
1441238400;3383
1441324800;4443
1441411200;4921
1441497600;4978
1441584000;4834
1441670400;4923
1441756800;5035
1441843200;5003
1441929600;5141
1442016000;5026
1442102400;4971
1442188800;4851
1442275200;4842
1442361600;4956
1442448000;4808
1442534400;4889
1442620800;5078
1442707200;5305
1442793600;5075
1442880000;5051
1442966400;5165
1443052800;5021
1443139200;5126
1443225600;4930
1443312000;4773
1443398400;4738
1443484800;4640
1443571200;4757
1443657600;5210
1443744000;5143
1443830400;5077
1443916800;4886
1444003200;5009
1444089600;4806
1444176000;5004
1444262400;5152
1444348800;4905
1444435200;4896
1444521600;5073
1444608000;5148
1444694400;5108
1444780800;4934
1444867200;4926
1444953600;4883
1445040000;5056
1445126400;4945
1445212800;4975
1445299200;4990
1445385600;4990
1445472000;4835
1445558400;5263
1445644800;5171
1445731200;5096
1445817600;4908
1445904000;5220
1445990400;4967
1446076800;5158
1446163200;5232
1446249600;5129
1446336000;5158
1446422400;5024
1446508800;5085
1446595200;5125
1446681600;5103
1446768000;5142
1446854400;4922
1446940800;5021
1447027200;5024
1447113600;5053
1447200000;5028
1447286400;5079
1447372800;5119
1447459200;5127
1447545600;5195
1447632000;5039
1447718400;5163
1447804800;5075
1447891200;4977
1447977600;4721
1448064000;5035
1448150400;5049
1448236800;5089
1448323200;5001
1448409600;4940
1448496000;4940
1448582400;5174
1448668800;5008
1448755200;5050
1448841600;5080
1448928000;5078
1449014400;4824
1449100800;5205
1449187200;5008
1449273600;5006
1449360000;4913
1449446400;4971
1449532800;4911
1449619200;5208
1449705600;5144
1449792000;5062
1449878400;5076
1449964800;5280
1450051200;4999
1450137600;5070
1450224000;4982
1450310400;5060
1450396800;5020
1450483200;5038
1450569600;4947
1450656000;4976
1450742400;5129
1450828800;5112
1450915200;5018
1451001600;5080
1451088000;5004
1451174400;5018
1451260800;5081
1451347200;4981
1451433600;5028
1451520000;5040
1451606400;4885
1451692800;5095
1451779200;5134
1451865600;5096
1451952000;5126
1452038400;5090
1452124800;4981
1452211200;5176
1452297600;5099
1452384000;5093
1452470400;5107
1452556800;4930
1452643200;5002
1452729600;5090
1452816000;5084
1452902400;5046
1452988800;5036
1453075200;5072
1453161600;4972
1453248000;5038
1453334400;4963
1453420800;5007
1453507200;4928
1453593600;5168
1453680000;4881
1453766400;5152
1453852800;4983
1453939200;5059
1454025600;4981
1454112000;5017
1454198400;4872
1454284800;5015
1454371200;4955
1454457600;5199
1454544000;5062
1454630400;5046
1454716800;4987
1454803200;5087
1454889600;5071
1454976000;5055
1455062400;4961
1455148800;5019
1455235200;5033
1455321600;5093
1455408000;4990
1455494400;4975
1455580800;5025
1455667200;4857
1455753600;4999
1455840000;5033
1455926400;5051
1456012800;5055
1456099200;5103
1456185600;4969
1456272000;5029
1456358400;5128
1456444800;5055
1456531200;4992
1456617600;5029
1456704000;4820
1456790400;5052
1456876800;5086
1456963200;5014
1457049600;4994
1457136000;5138
1457222400;4907
1457308800;5026
1457395200;5017
1457481600;4989
1457568000;5196
1457654400;5065
1457740800;5023
1457827200;5186
1457913600;5108
1458000000;5979
1458086400;6025
1458172800;6082
1458259200;5962
1458345600;6082
1458432000;6027
1458518400;5994
1458604800;6071
1458691200;5974
1458777600;6101
1458864000;6066
1458950400;6095
1459036800;6046
1459123200;5999
1459209600;6010
1459296000;6047
1459382400;6021
1459468800;6081
1459555200;5936
1459641600;6035
1459728000;6086
1459814400;6033
1459900800;6004
1459987200;5953
1460073600;6102
1460160000;5933
1460246400;6065
1460332800;5937
1460419200;6015
1460505600;6015
1460592000;6021
1460678400;6059
1460764800;6019
1460851200;6015
1460937600;6055
1461024000;5969
1461110400;6050
1461196800;5990
1461283200;6031
1461369600;6051
1461456000;5981
1461542400;6104
1461628800;5952
1461715200;6062
1461801600;6030
1461888000;6030
1461974400;6058
1462060800;5942
1462147200;6080
1462233600;6054
1462320000;5980
1462406400;6037
1462492800;6022
1462579200;5988
1462665600;6051
1462752000;6044
1462838400;6012
1462924800;5914
1463011200;6099
1463097600;6064
1463184000;5958
1463270400;6015
1463356800;5961
1463443200;6071
1463529600;6063
1463616000;6011
1463702400;6037
1463788800;5981
1463875200;6084
1463961600;6013
1464048000;6010
1464134400;6029
1464220800;6019
1464307200;6045
1464393600;6019
1464480000;6001
1464566400;6007
1464652800;5936
1464739200;6039
1464825600;6072
1464912000;6029
1464998400;6016
1465084800;5963
1465171200;6108
1465257600;5990
1465344000;6091
1465430400;6092
1465516800;5902
1465603200;6114
1465689600;6065
1465776000;6084
1465862400;6035
1465948800;6007
1466035200;6015
1466121600;5849
1466208000;5889
1466294400;6222
1466380800;5949
1466467200;5999
1466553600;6139
1466640000;6003
1466726400;6042
1466812800;5998
1466899200;6052
1466985600;6052
1467072000;6067
1467158400;5991
1467244800;5985
1467331200;6127
1467417600;6003
1467504000;6045
1467590400;6067
1467676800;5949
1467763200;6088
1467849600;6036
1467936000;5996
1468022400;6126
1468108800;6046
1468195200;6029
1468281600;6006
1468368000;6086
1468454400;6001
1468540800;5988
1468627200;6081
1468713600;6029
1468800000;6109
1468886400;5970
1468972800;5946
1469059200;6154
1469145600;5957
1469232000;6093
1469318400;5937
1469404800;6030
1469491200;5809
1469577600;6175
1469664000;6081
1469750400;5979
1469836800;5981
1469923200;6029
1470009600;5961
1470096000;5894
1470182400;5984
1470268800;6192
1470355200;6065
1470441600;5978
1470528000;6077
1470614400;6059
1470700800;6130
1470787200;6054
1470873600;6068
1470960000;6014
1471046400;6032
1471132800;6034
1471219200;6090
1471305600;6054
1471392000;6009
1471478400;6100
1471564800;6014
1471651200;6055
1471737600;6084
1471824000;6078
1471910400;6015
1471996800;6053
1472083200;6094
1472169600;6006
1472256000;6076
1472342400;6035
1472428800;6014
1472515200;6026
1472601600;6073
1472688000;5989
1472774400;6088
1472860800;5949
1472947200;6023
1473033600;6076
1473120000;5993
1473206400;6118
1473292800;6016
1473379200;6074
1473465600;5999
1473552000;6093
1473638400;6063
1473724800;6003
1473811200;6091
1473897600;6031
1473984000;6065
1474070400;6044
1474156800;5598
1474243200;6409
1474329600;6167
1474416000;6062
1474502400;5746
1474588800;6226
1474675200;5877
1474761600;6267
1474848000;5843
1474934400;6053
1475020800;6106
1475107200;6126
1475193600;6008
1475280000;5780
1475366400;6068
1475452800;6204
1475539200;6077
1475625600;5817
1475712000;5953
1475798400;5887
1475884800;6200
1475971200;6049
1476057600;6041
1476144000;6050
1476230400;5910
1476316800;6114
1476403200;6079
1476489600;6027
1476576000;6055
1476662400;5959
1476748800;6119
1476835200;5774
1476921600;6298
1477008000;6097
1477094400;6041
1477180800;5993
1477267200;6065
1477353600;6028
1477440000;6096
1477526400;6018
1477612800;5943
1477699200;5668
1477785600;6059
1477872000;6092
1477958400;5839
1478044800;5952
1478131200;5950
1478217600;5904
1478304000;5996
1478390400;6054
1478476800;6315
1478563200;6159
1478649600;5924
1478736000;5966
1478822400;5992
1478908800;6086
1478995200;6203
1479081600;6067
1479168000;6006
1479254400;6045
1479340800;5868
1479427200;6289
1479513600;6150
1479600000;6179
1479686400;6073
1479772800;5922
1479859200;5837
1479945600;5914
1480032000;6111
1480118400;5938
1480204800;5945
1480291200;6042
1480377600;5988
1480464000;6061
1480550400;6057
1480636800;6075
1480723200;6160
1480809600;5983
1480896000;6004
1480982400;6089
1481068800;6073
1481155200;6125
1481241600;6050
1481328000;6075
1481414400;6098
1481500800;5999
1481587200;6070
1481673600;6080
1481760000;6001
1481846400;6075
1481932800;6116
1482019200;6096
1482105600;6032
1482192000;6069
1482278400;6070
1482364800;5956
1482451200;5954
1482537600;6006
1482624000;6127
1482710400;6066
1482796800;5998
1482883200;6056
1482969600;6082
1483056000;6063
1483142400;5993
1483228800;6111
1483315200;6058
1483401600;6035
1483488000;6141
1483574400;6091
1483660800;6009
1483747200;6108
1483833600;6074
1483920000;6082
1484006400;6030
1484092800;6047
1484179200;6056
1484265600;6106
1484352000;6067
1484438400;6085
1484524800;6052
1484611200;6002
1484697600;6065
1484784000;6158
1484870400;5963
1484956800;6046
1485043200;6065
1485129600;6048
1485216000;6037
1485302400;6010
1485388800;6081
1485475200;5985
1485561600;6063
1485648000;5960
1485734400;6094
1485820800;6018
1485907200;6009
1485993600;6047
1486080000;5990
1486166400;6078
1486252800;6077
1486339200;6050
1486425600;5998
1486512000;6067
1486598400;6029
1486684800;6040
1486771200;6038
1486857600;6059
1486944000;6070
1487030400;6023
1487116800;6089
1487203200;6052
1487289600;6012
1487376000;5999
1487462400;6019
1487548800;6015
1487635200;6052
1487721600;5968
1487808000;6019
1487894400;6011
1487980800;6039
1488067200;6089
1488153600;5988
1488240000;6107
1488326400;5958
1488412800;6061
1488499200;6006
1488585600;5985
1488672000;6073
1488758400;5977
