1438214400;72049306.59375;0;0.00
1438300800;72085498.31250;0;0.00
1438387200;72113204.25000;0;0.00
1438473600;72141427.68750;0;0.00
1438560000;72169404.40625;0;0.00
1438646400;72197882.84375;0;0.00
1438732800;72225411.43750;0;0.00
1438819200;72252486.90625;0;0.00
1438905600;72279924.56250;216.8397736875;3.00
1438992000;72307868.00000;117.86182484;1.63
1439078400;72335046.28125;0;0.00
1439164800;72362863.62500;0;0.00
1439251200;72390891.43750;68.04743795125;0.94
1439337600;72418262.37500;80.38427123625;1.11
1439424000;72446530.50000;115.189983495;1.59
1439510400;72477637.21875;141.3313925765625;1.95
1439596800;72506149.87500;119.63514729375;1.65
1439683200;72533244.40625;84.13856351125;1.16
1439769600;72561363.31250;103.03713590375;1.42
1439856000;72587526.12500;91.4602829175;1.26
1439942400;72614808.15625;85.685473624375;1.18
1440028800;72635865.18750;101.6902112625;1.40
1440115200;72662556.12500;108.9938341875;1.50
1440201600;72690106.59375;104.673753495;1.44
1440288000;72716362.21875;100.348579861875;1.38
1440374400;72743695.50000;102.568610655;1.41
1440460800;72770431.59375;90.9630394921875;1.25
1440547200;72796569.56250;85.89995208375;1.18
1440633600;72821102.37500;85.20068977875;1.17
1440720000;72845327.53125;88.871299588125;1.22
1440806400;72867852.53125;88.898780088125;1.22
1440892800;72889306.12500;91.11163265625;1.25
1440979200;72910599.56250;82.388977505625;1.13
1441065600;72930942.53125;97.727462991875;1.34
1441152000;72949329.87500;91.9161556425;1.26
1441238400;72966710.81250;90.4787214075;1.24
1441324800;72989792.68750;89.777445005625;1.23
1441411200;73015421.75000;95.6502024925;1.31
1441497600;73041590.03125;100.0669783428125;1.37
1441584000;73067050.50000;94.98716565;1.30
1441670400;73092943.00000;95.75175533;1.31
1441756800;73119370.65625;93.59279444;1.28
1441843200;73145814.87500;89.2378941475;1.22
1441929600;73173054.71875;78.2951685490625;1.07
1442016000;73199455.81250;78.323417719375;1.07
1442102400;73225627.21875;73.22562721875;1.00
1442188800;73251215.34375;67.39111811625;0.92
1442275200;73276830.65625;65.949147590625;0.90
1442361600;73303148.78125;69.6379913421875;0.95
1442448000;73328584.40625;65.995725965625;0.90
1442534400;73354486.12500;65.28549265125;0.89
1442620800;73381665.81250;63.842049256875;0.87
1442707200;73409648.46875;67.53687659125;0.92
1442793600;73436300.34375;68.2957593196875;0.93
1442880000;73462670.65625;66.116403590625;0.90
1442966400;73489750.96875;66.140775871875;0.90
1443052800;73516136.75000;63.223877605;0.86
1443139200;73543140.18750;55.8927865425;0.76
1443225600;73569050.50000;52.234025855;0.71
1443312000;73594061.59375;55.1955461953125;0.75
1443398400;73618775.81250;50.796955310625;0.69
1443484800;73643144.25000;44.9223179925;0.61
1443571200;73668238.00000;47.8843547;0.65
1443657600;73695660.03125;51.586962021875;0.70
1443744000;73722573.15625;49.3941240146875;0.67
1443830400;73749026.90625;50.14933829625;0.68
1443916800;73774507.06250;50.904409873125;0.69
1444003200;73800643.93750;50.1844378775;0.68
1444089600;73825680.50000;48.72494913;0.66
1444176000;73851814.09375;48.742197301875;0.66
1444262400;73878596.28125;46.5435156571875;0.63
1444348800;73904043.93750;45.081466801875;0.61
1444435200;73929543.62500;48.05420335625;0.65
1444521600;73956054.40625;49.5505564521875;0.67
1444608000;73982854.40625;47.34902682;0.64
1444694400;74009522.68750;46.625999293125;0.63
1444780800;74035398.31250;40.719469071875;0.55
1444867200;74061008.78125;40.7335548296875;0.55
1444953600;74086450.18750;41.488412105;0.56
1445040000;74112900.81250;39.279837430625;0.53
1445126400;74138749.09375;38.55214952875;0.52
1445212800;74164715.81250;37.08235790625;0.50
1445299200;74190908.31250;34.869726906875;0.47
1445385600;74216954.71875;32.65546007625;0.44
1445472000;74242285.50000;37.863565605;0.51
1445558400;74269844.09375;41.5911126925;0.56
1445644800;74296959.09375;40.8633275015625;0.55
1445731200;74323773.31250;45.337501720625;0.61
1445817600;74349688.62500;49.81429137875;0.67
1445904000;74377214.87500;58.75799975125;0.79
1445990400;74403563.31250;68.4512782475;0.92
1446076800;74431070.34375;78.896934564375;1.06
1446163200;74458794.25000;90.839728985;1.22
1446249600;74486542.06250;75.231407483125;1.01
1446336000;74514722.21875;72.2792805521875;0.97
1446422400;74541856.43750;76.03269356625;1.02
1446508800;74569462.21875;75.3151568409375;1.01
1446595200;74597178.62500;63.40760183125;0.85
1446681600;74624470.03125;67.9082677284375;0.91
1446768000;74651892.21875;69.4262597634375;0.93
1446854400;74678607.53125;68.70431892875;0.92
1446940800;74705896.59375;70.9706017640625;0.95
1447027200;74732956.12500;74.732956125;1.00
1447113600;74760400.18750;72.517588181875;0.97
1447200000;74788226.75000;62.82211047;0.84
1447286400;74816251.28125;61.349326050625;0.82
1447372800;74844436.43750;65.863104065;0.88
1447459200;74872794.09375;66.6367867434375;0.89
1447545600;74900914.25000;66.6618136825;0.89
1447632000;74928309.40625;61.441213713125;0.82
1447718400;74956103.00000;72.70741991;0.97
1447804800;74983355.03125;73.483687930625;0.98
1447891200;75009918.46875;72.7596209146875;0.97
1447977600;75035048.93750;72.783997469375;0.97
1448064000;75061831.12500;71.30873956875;0.95
1448150400;75088819.71875;73.587043324375;0.98
1448236800;75116092.06250;72.11144838;0.96
1448323200;75142940.18750;70.63436377625;0.94
1448409600;75169412.06250;67.65247085625;0.90
1448496000;75195950.50000;65.420476935;0.87
1448582400;75223837.37500;66.19697689;0.88
1448668800;75251045.34375;67.725940809375;0.90
1448755200;75278393.15625;66.9977699090625;0.89
1448841600;75305749.40625;66.2690594775;0.88
1448928000;75333292.21875;66.2932971525;0.88
1449014400;75359299.25000;64.0554043625;0.85
1449100800;75387362.53125;61.0637636503125;0.81
1449187200;75414041.90625;62.5936547821875;0.83
1449273600;75440623.78125;64.1245302140625;0.85
1449360000;75466879.56250;64.90151642375;0.86
1449446400;75493598.46875;61.904750744375;0.82
1449532800;75519910.96875;62.6815261040625;0.83
1449619200;75548235.03125;60.438588025;0.80
1449705600;75575712.37500;62.72784127125;0.83
1449792000;75602735.18750;64.262324909375;0.85
1449878400;75629941.75000;71.8484446625;0.95
1449964800;75657849.09375;71.8749566390625;0.95
1450051200;75684557.68750;72.65717538;0.96
1450137600;75711572.21875;74.197340774375;0.98
1450224000;75738029.56250;71.951128084375;0.95
1450310400;75764912.68750;68.18842141875;0.90
1450396800;75791584.25000;69.72825751;0.92
1450483200;75818278.78125;68.236450903125;0.90
1450569600;75844714.87500;74.3278205775;0.98
1450656000;75871172.68750;72.077614053125;0.95
1450742400;75898547.06250;54.646953885;0.72
1450828800;75925946.43750;67.574092329375;0.89
1450915200;75952633.00000;65.31926438;0.86
1451001600;75979436.59375;66.1021098365625;0.87
1451088000;76005996.75000;69.92551701;0.92
1451174400;76032850.50000;66.90890844;0.88
1451260800;76059908.46875;66.9327194525;0.88
1451347200;76086569.56250;66.956181215;0.88
1451433600;76113305.81250;69.263108289375;0.91
1451520000;76140217.84375;71.571804773125;0.94
1451606400;76166284.40625;75.4046215621875;0.99
1451692800;76193668.31250;73.14592158;0.96
1451779200;76221344.09375;75.4591306528125;0.99
1451865600;76248764.71875;73.19881413;0.96
1451952000;76276603.93750;69.411709583125;0.91
1452038400;76304229.40625;72.4890179359375;0.95
1452124800;76331251.59375;72.5146890140625;0.95
1452211200;76359248.31250;75.595655829375;0.99
1452297600;76386844.09375;75.6229756528125;0.99
1452384000;76414132.06250;80.99897998625;1.06
1452470400;76441137.21875;81.027605451875;1.06
1452556800;76467038.00000;88.70176408;1.16
1452643200;76493573.31250;87.20267357625;1.14
1452729600;76520492.53125;86.4681565603125;1.13
1452816000;76547289.87500;95.68411234375;1.25
1452902400;76573813.00000;94.95152812;1.24
1452988800;76600412.84375;96.516520183125;1.26
1453075200;76627033.00000;109.57665719;1.43
1453161600;76653125.81250;104.248251105;1.36
1453248000;76679668.31250;110.41872237;1.44
1453334400;76705587.53125;114.2913254215625;1.49
1453420800;76731842.53125;118.167037498125;1.54
1453507200;76757612.21875;132.7906691384375;1.73
1453593600;76784855.18750;134.373496578125;1.75
1453680000;76810552.21875;187.41774741375;2.44
1453766400;76837541.43750;195.935730665625;2.55
1453852800;76863642.21875;180.6295592140625;2.35
1453939200;76890206.90625;186.074300713125;2.42
1454025600;76916367.37500;187.675936395;2.44
1454112000;76942560.50000;191.586975645;2.49
1454198400;76968242.37500;182.41473442875;2.37
1454284800;76994673.62500;167.07844176625;2.17
1454371200;77020542.06250;176.377041323125;2.29
1454457600;77047840.03125;182.6033808740625;2.37
1454544000;77074402.37500;198.8519581275;2.58
1454630400;77100960.96875;195.0654312509375;2.53
1454716800;77127306.75000;195.1320860775;2.53
1454803200;77153991.43750;213.716556281875;2.77
1454889600;77180646.43750;231.5419393125;3.00
1454976000;77207117.53125;273.313196060625;3.54
1455062400;77233278.78125;328.2414348203125;4.25
1455148800;77259756.59375;383.9809902709375;4.97
1455235200;77286258.62500;440.5316741625;5.70
1455321600;77313140.18750;381.92691252625;4.94
1455408000;77339469.25000;383.60376748;4.96
1455494400;77365694.56250;406.169896453125;5.25
1455580800;77392140.34375;366.0648238259375;4.73
1455667200;77417812.37500;320.5097432325;4.14
1455753600;77444027.21875;312.0994296915625;4.03
1455840000;77470682.68750;342.42041747875;4.42
1455926400;77497243.46875;340.2128988278125;4.39
1456012800;77523780.03125;335.6779675353125;4.33
1456099200;77550537.84375;400.16077527375;5.16
1456185600;77576707.84375;439.084166395625;5.66
1456272000;77603134.71875;463.2907142709375;5.97
1456358400;77629958.46875;465.7797508125;6.00
1456444800;77656612.53125;465.1631090621875;5.99
1456531200;77682812.37500;476.9724679825;6.14
1456617600;77709234.40625;494.23073082375;6.36
1456704000;77734463.93750;490.504467445625;6.31
1456790400;77760945.03125;540.4385679671875;6.95
1456876800;77787589.25000;658.8608809475;8.47
1456963200;77813700.50000;709.66094856;9.12
1457049600;77839585.81250;709.89702261;9.12
1457136000;77866168.00000;847.18390784;10.88
1457222400;77891567.68750;843.565678055625;10.83
1457308800;77917553.15625;803.3299730409375;10.31
1457395200;77943376.28125;753.7124486396875;9.67
1457481600;77969119.56250;842.066491275;10.80
1457568000;77995747.06250;874.332324570625;11.21
1457654400;78022049.56250;858.2425451875;11.00
1457740800;78048419.71875;957.6541099490625;12.27
1457827200;78075670.18750;1064.9521413575;13.64
1457913600;78102078.15625;999.7066004;12.80
1458000000;78133301.75000;932.1302898775;11.93
1458086400;78164791.90625;1036.465140676875;13.26
1458172800;78196816.43750;908.64700700375;11.62
1458259200;78228103.62500;756.46576205375;9.67
1458345600;78260182.06250;820.166708015;10.48
1458432000;78291777.21875;798.57612763125;10.20
1458518400;78323160.18750;860.771530460625;10.99
1458604800;78354872.06250;907.34941848375;11.58
1458691200;78386166.12500;920.2535903075;11.74
1458777600;78418237.21875;913.5724635984375;11.65
1458864000;78450127.06250;858.24439006375;10.94
1458950400;78482062.37500;857.024121135;10.92
1459036800;78513693.15625;830.674873593125;10.58
1459123200;78544999.71875;870.27859688375;11.08
1459209600;78576437.53125;908.34361786125;11.56
1459296000;78608138.00000;923.6456215;11.75
1459382400;78639526.90625;920.8688600721875;11.71
1459468800;78671411.59375;912.5883744875;11.60
1459555200;78702492.84375;908.226767416875;11.54
1459641600;78734222.53125;910.9549546865625;11.57
1459728000;78766175.65625;890.8454466721875;11.31
1459814400;78797750.50000;835.2561553;10.60
1459900800;78829013.15625;839.5289901140625;10.65
1459987200;78860180.50000;811.471257345;10.29
1460073600;78892094.87500;786.55418590375;9.97
1460160000;78923008.46875;753.7147308765625;9.55
1460246400;78954790.18750;656.114306458125;8.31
1460332800;78985756.75000;669.0093596725;8.47
1460419200;79017139.56250;627.39608812625;7.94
1460505600;79048625.65625;621.322197658125;7.86
1460592000;79080026.75000;664.2722247;8.40
1460678400;79111760.18750;663.747667973125;8.39
1460764800;79143291.43750;662.429349331875;8.37
1460851200;79174794.56250;733.15859764875;9.26
1460937600;79206654.09375;713.6519533846875;9.01
1461024000;79237980.65625;707.5951672603125;8.93
1461110400;79269812.06250;684.098478099375;8.63
1461196800;79301185.96875;663.7509265584375;8.37
1461283200;79332762.68750;637.042084380625;8.03
1461369600;79364456.28125;654.7567643203125;8.25
1461456000;79395951.28125;652.634719531875;8.22
1461542400;79428088.31250;612.390560889375;7.71
1461628800;79459376.12500;584.02641451875;7.35
1461715200;79491251.12500;608.9029836175;7.66
1461801600;79522933.62500;599.6029195325;7.54
1461888000;79554617.21875;592.6818982796875;7.45
1461974400;79586508.93750;667.730809985625;8.39
1462060800;79617521.75000;695.857140095;8.74
1462147200;79649433.31250;759.85559380125;9.54
1462233600;79681224.56250;770.517441519375;9.67
1462320000;79712683.31250;766.83601346625;9.62
1462406400;79744463.31250;770.33151559875;9.66
1462492800;79776200.96875;759.4694332225;9.52
1462579200;79807774.09375;747.7988432584375;9.37
1462665600;79839623.31250;739.31491187375;9.26
1462752000;79871424.71875;752.388820850625;9.42
1462838400;79903125.65625;748.6922873990625;9.37
1462924800;79934378.78125;772.9654428146875;9.67
1463011200;79966635.81250;814.860018929375;10.19
1463097600;79998832.53125;845.5876598553125;10.57
1463184000;80030500.34375;817.1114085096875;10.21
1463270400;80062308.93750;814.233681894375;10.17
1463356800;80093820.50000;856.202941145;10.69
1463443200;80126012.68750;947.08946996625;11.82
1463529600;80158417.06250;1060.495857736875;13.23
1463616000;80190320.65625;1116.249263535;13.92
1463702400;80222410.34375;1135.1471063640625;14.15
1463788800;80254249.87500;1083.4323733125;13.50
1463875200;80286506.12500;1128.02541105625;14.05
1463961600;80318586.75000;1115.6251699575;13.89
1464048000;80350590.03125;1034.9155996025;12.88
1464134400;80382947.06250;995.14088463375;12.38
1464220800;80414991.43750;1008.40399262625;12.54
1464307200;80447313.15625;924.3396281653125;11.49
1464393600;80479631.75000;914.24861668;11.36
1464480000;80511604.09375;981.4364539028125;12.19
1464566400;80543608.15625;1008.40597411625;12.52
1464652800;80575141.12500;1080.51264248625;13.41
1464739200;80607285.34375;1116.4109020109375;13.85
1464825600;80639467.53125;1113.6310466065625;13.81
1464912000;80671739.71875;1103.5893993525;13.68
1464998400;80703881.28125;1104.0290959275;13.68
1465084800;80735464.40625;1112.534699518125;13.78
1465171200;80767836.28125;1122.672924309375;13.90
1465257600;80799782.21875;1148.972903150625;14.22
1465344000;80832085.18750;1176.106839478125;14.55
1465430400;80864311.12500;1172.5325113125;14.50
1465516800;80895475.34375;1141.4351571003125;14.11
1465603200;80927850.81250;1132.180632866875;13.99
1465689600;80960067.68750;1207.9242098975;14.92
1465776000;80992291.90625;1350.95142899625;16.68
1465862400;81024437.37500;1448.716940265;17.88
1465948800;81056304.40625;1473.603614105625;18.18
1466035200;81088182.06250;1587.70660478375;19.58
1466121600;81121598.46875;1412.3270293409375;17.41
1466208000;81155985.65625;1046.1006551090625;12.89
1466294400;81189181.12500;967.77503901;11.92
1466380800;81220895.96875;932.41588572125;11.48
1466467200;81252884.40625;984.78495900375;12.12
1466553600;81285555.03125;1157.506303645;14.24
1466640000;81317403.15625;1072.5765476309375;13.19
1466726400;81349575.03125;1127.505109933125;13.86
1466812800;81381260.96875;1165.3796570725;14.32
1466899200;81413575.65625;1138.161787674375;13.98
1466985600;81445670.50000;1133.72373336;13.92
1467072000;81477831.90625;1042.1014700809375;12.79
1467158400;81509701.90625;1002.569333446875;12.30
1467244800;81541688.00000;1018.45568312;12.49
1467331200;81574306.28125;987.8648490659375;12.11
1467417600;81606222.84375;989.06742086625;12.12
1467504000;81638262.53125;968.229793620625;11.86
1467590400;81670403.46875;931.8593035784375;11.41
1467676800;81701981.28125;848.066565699375;10.38
1467763200;81734336.12500;870.47067973125;10.65
1467849600;81766232.06250;830.744917755;10.16
1467936000;81798181.59375;882.6023793965625;10.79
1468022400;81830979.71875;903.414016095;11.04
1468108800;81862945.18750;891.487473091875;10.89
1468195200;81894930.50000;868.0862633;10.60
1468281600;81926691.59375;869.2421978096875;10.61
1468368000;81958850.18750;860.56792696875;10.50
1468454400;81990660.96875;906.816710314375;11.06
1468540800;82022545.65625;985.910998788125;12.02
1468627200;82054716.12500;971.52783892;11.84
1468713600;82086493.46875;932.502565805;11.36
1468800000;82118991.59375;929.58698484125;11.32
1468886400;82150765.50000;950.484356835;11.57
1468972800;82182680.34375;1007.559661014375;12.26
1469059200;82215464.09375;1019.4717547625;12.40
1469145600;82247154.71875;1134.1882635715625;13.79
1469232000;82279549.71875;1193.053470921875;14.50
1469318400;82311025.96875;1097.2059761634375;13.33
1469404800;82343017.53125;1087.7512615878125;13.21
1469491200;82373795.03125;1060.1507420521875;12.87
1469577600;82406732.84375;1030.9082278753125;12.51
1469664000;82439087.06250;1054.395923529375;12.79
1469750400;82471026.43750;1050.68087681375;12.74
1469836800;82502668.15625;1047.783885584375;12.70
1469923200;82534887.68750;992.894698880625;12.03
1470009600;82566482.06250;947.037549256875;11.47
1470096000;82597837.21875;771.463799623125;9.34
1470182400;82629544.87500;772.58624458125;9.35
1470268800;82662397.68750;897.71363888625;10.86
1470355200;82694629.71875;910.4678732034375;11.01
1470441600;82726219.56250;886.82507371;10.72
1470528000;82758510.65625;908.688447005625;10.98
1470614400;82790686.59375;922.288248654375;11.14
1470700800;82823353.00000;978.97203246;11.82
1470787200;82855515.96875;1018.2942912559375;12.29
1470873600;82887720.81250;988.021632085;11.92
1470960000;82919824.09375;980.112320788125;11.82
1471046400;82951823.00000;963.90018326;11.62
1471132800;82983791.90625;944.355551893125;11.38
1471219200;83016120.81250;923.969424643125;11.13
1471305600;83048158.00000;922.66503538;11.11
1471392000;83080152.53125;908.0660671665625;10.93
1471478400;83112941.59375;901.7754162921875;10.85
1471564800;83144783.00000;892.97496942;10.74
1471651200;83177018.62500;914.947204875;11.00
1471737600;83209710.96875;926.956180191875;11.14
1471824000;83242003.78125;933.1428623878125;11.21
1471910400;83274187.68750;921.01251582375;11.06
1471996800;83306461.12500;923.035589265;11.08
1472083200;83338596.75000;931.725511665;11.18
1472169600;83370468.15625;942.9199948471875;11.31
1472256000;83402774.56250;935.77913059125;11.22
1472342400;83434802.53125;923.6232640209375;11.07
1472428800;83466728.93750;914.795349155;10.96
1472515200;83498603.78125;927.6694880096875;11.11
1472601600;83530738.31250;950.57980199625;11.38
1472688000;83562483.00000;1008.59916981;12.07
1472774400;83594867.06250;1013.1697887975;12.12
1472860800;83626363.00000;1003.5163560;12.00
1472947200;83658227.06250;982.14758571375;11.74
1473033600;83690416.75000;982.525492645;11.74
1473120000;83722098.15625;976.199664501875;11.66
1473206400;83754365.96875;977.4134508553125;11.67
1473292800;83786274.56250;966.89360845125;11.54
1473379200;83818491.43750;969.779945931875;11.57
1473465600;83850322.06250;991.949309999375;11.83
1473552000;83882675.03125;999.8814863725;11.92
1473638400;83914912.06250;991.035111458125;11.81
1473724800;83946816.90625;1015.756484565625;12.10
1473811200;83979345.65625;1010.2715282446875;12.03
1473897600;84011528.46875;1016.539494471875;12.10
1473984000;84043767.53125;1038.78096668625;12.36
1474070400;84075922.53125;1064.401179245625;12.66
1474156800;84105496.43750;1065.616639863125;12.67
1474243200;84139773.31250;1069.416518801875;12.71
1474329600;84172265.81250;1165.785881503125;13.85
1474416000;84204349.56250;1172.12454591;13.92
1474502400;84235955.18750;1106.86045116375;13.14
1474588800;84270235.18750;1120.79412799375;13.30
1474675200;84303560.03125;1102.69056520875;13.08
1474761600;84337950.50000;1093.01983848;12.96
1474848000;84370081.28125;1094.2799542178125;12.97
1474934400;84405365.65625;1101.4900218140625;13.05
1475020800;84437769.09375;1122.1779512559375;13.29
1475107200;84470082.53125;1117.5391918884375;13.23
1475193600;84501705.81250;1117.11255084125;13.22
1475280000;84536184.40625;1115.0322723184375;13.19
1475366400;84571945.18750;1118.886834830625;13.23
1475452800;84605219.71875;1130.3257354425;13.36
1475539200;84637271.12500;1131.60031494125;13.37
1475625600;84670352.68750;1121.882173109375;13.25
1475712000;84703194.56250;1094.3652737475;12.92
1475798400;84739746.43750;1083.821356935625;12.79
1475884800;84775841.12500;1051.22042995;12.40
1475971200;84809266.75000;1035.5211470175;12.21
1476057600;84842397.68750;1007.079260550625;11.87
1476144000;84874877.21875;1017.6497778528125;11.99
1476230400;84907969.87500;1009.55576181375;11.89
1476316800;84942796.12500;1012.51812981;11.92
1476403200;84975709.87500;1016.309490105;11.96
1476489600;85007917.06250;1009.8940547025;11.88
1476576000;85040847.37500;1017.93894307875;11.97
1476662400;85073225.18750;1014.923576486875;11.93
1476748800;85106545.50000;1057.874360565;12.43
1476835200;85139695.18750;1042.961266046875;12.25
1476921600;85174224.25000;1032.31159791;12.12
1477008000;85206351.12500;1029.29272159;12.08
1477094400;85238053.78125;1027.1185480640625;12.05
1477180800;85269385.65625;1024.938015588125;12.02
1477267200;85301447.53125;1021.911341424375;11.98
1477353600;85333112.06250;983.890782080625;11.53
1477440000;85365068.93750;981.69829278125;11.50
1477526400;85396513.93750;973.5202588875;11.40
1477612800;85427593.00000;963.62324904;11.28
1477699200;85457222.53125;886.1913976490625;10.37
1477785600;85489183.00000;930.12231104;10.88
1477872000;85521204.25000;961.25833577;11.24
1477958400;85551702.68750;919.680803890625;10.75
1478044800;85582844.71875;937.1321496703125;10.95
1478131200;85614060.65625;936.617823579375;10.94
1478217600;85644984.25000;942.09482675;11.00
1478304000;85676408.78125;950.1513733840625;11.09
1478390400;85708208.93750;946.21862667;11.04
1478476800;85741468.00000;936.29683056;10.92
1478563200;85773795.18750;934.93436754375;10.90
1478649600;85804797.53125;906.9567099053125;10.57
1478736000;85836008.31250;907.286607863125;10.57
1478822400;85867347.68750;893.879089426875;10.41
1478908800;85899297.68750;859.851969851875;10.01
1478995200;85931721.90625;861.8951707196875;10.03
1479081600;85963606.12500;863.93424155625;10.05
1479168000;85995043.15625;866.830035015;10.08
1479254400;86026624.56250;872.30997306375;10.14
1479340800;86057433.15625;862.295480225625;10.02
1479427200;86090533.93750;835.939084533125;9.71
1479513600;86122865.03125;827.6407329503125;9.61
1479600000;86155325.18750;829.675781555625;9.63
1479686400;86187136.75000;823.94902733;9.56
1479772800;86218314.25000;850.9747616475;9.87
1479859200;86250939.87500;846.9842295725;9.82
1479945600;86283337.53125;798.1208721640625;9.25
1480032000;86316772.37500;815.69349894375;9.45
1480118400;86349268.31250;809.95613677125;9.38
1480204800;86382979.40625;778.3106444503125;9.01
1480291200;86416919.25000;762.197227785;8.82
1480377600;86449890.34375;714.076094239375;8.26
1480464000;86481730.34375;726.4465348875;8.40
1480550400;86513478.62500;733.63429874;8.48
1480636800;86545275.03125;681.97676724625;7.88
1480723200;86577391.43750;679.632522784375;7.85
1480809600;86608563.93750;665.15377104;7.68
1480896000;86639798.62500;612.54337627875;7.07
1480982400;86671774.25000;595.4350890975;6.87
1481068800;86703484.87500;686.69160021;7.92
1481155200;86735578.93750;741.589199915625;8.55
1481241600;86767239.56250;721.90343316;8.32
1481328000;86798915.96875;719.5630133809375;8.29
1481414400;86830698.00000;708.53849568;8.16
1481500800;86862037.37500;726.166632455;8.36
1481587200;86893847.37500;732.51513337125;8.43
1481673600;86925697.84375;724.960320016875;8.34
1481760000;86957065.65625;693.0478132803125;7.97
1481846400;86988822.06250;682.862253190625;7.85
1481932800;87020784.40625;670.060039928125;7.70
1482019200;87052676.90625;678.1403530996875;7.79
1482105600;87084147.37500;673.16045920875;7.73
1482192000;87115816.28125;666.4359945515625;7.65
1482278400;87147409.25000;677.1353698725;7.77
1482364800;87178483.31250;670.402536673125;7.69
1482451200;87209600.65625;642.7347568365625;7.37
1482537600;87240927.53125;629.879496775625;7.22
1482624000;87272935.96875;630.110597694375;7.22
1482710400;87304580.65625;625.10079749875;7.16
1482796800;87335807.21875;627.9444539028125;7.19
1482883200;87367378.62500;645.64492803875;7.39
1482969600;87399197.37500;701.81555492125;8.03
1483056000;87430878.93750;719.556133655625;8.23
1483142400;87462107.06250;707.568446135625;8.09
1483228800;87493855.34375;723.5741836928125;8.27
1483315200;87525386.12500;723.83494325375;8.27
1483401600;87556909.40625;794.1411683146875;9.07
1483488000;87589008.93750;889.028440715625;10.15
1483574400;87620825.96875;910.3803818153125;10.39
1483660800;87652185.50000;870.386202015;9.93
1483747200;87684080.50000;861.934511315;9.83
1483833600;87715764.87500;882.4205946425;10.06
1483920000;87747515.18750;0;0.00
1484006400;87778864.56250;916.4113460325;10.44
1484092800;87810387.53125;887.7630179409375;10.11
1484179200;87841944.25000;843.2826648;9.60
1484265600;87873674.56250;0;0.00
1484352000;87905152.68750;853.559032595625;9.71
1484438400;87936854.71875;861.78117624375;9.80
1484524800;87968395.03125;861.2105873559375;9.79
1484611200;87999691.12500;882.63690198375;10.03
1484697600;88031299.09375;894.3979987925;10.16
1484784000;88063420.18750;907.05322793125;10.30
1484870400;88094541.28125;929.3974105171875;10.55
1484956800;88126065.03125;949.998981036875;10.78
1485043200;88157642.84375;951.2209662840625;10.79
1485129600;88189141.28125;948.91516018625;10.76
1485216000;88220561.75000;939.5489826375;10.65
1485302400;88251985.34375;927.5283659628125;10.51
1485388800;88283770.03125;932.27661153;10.56
1485475200;88314884.87500;930.8388865825;10.54
1485561600;88346412.84375;926.7538707309375;10.49
1485648000;88377545.96875;926.1966817525;10.48
1485734400;88409461.28125;932.7198165171875;10.55
1485820800;88440875.18750;938.357685739375;10.61
1485907200;88472207.37500;941.34428647;10.64
1485993600;88503622.21875;949.6438664071875;10.73
1486080000;88534895.50000;954.40617349;10.78
1486166400;88566656.28125;988.40388409875;11.16
1486252800;88598257.84375;995.84441816375;11.24
1486339200;88629881.43750;998.858763800625;11.27
1486425600;88661372.84375;1009.8530366903125;11.39
1486512000;88693080.81250;1005.77953641375;11.34
1486598400;88724508.00000;977.74407816;11.02
1486684800;88756004.40625;986.0792089534375;11.11
1486771200;88787594.25000;1006.851318795;11.34
1486857600;88819163.93750;1010.76208560875;11.38
1486944000;88850898.00000;1007.56918332;11.34
1487030400;88882368.93750;1103.91902220375;12.42
1487116800;88914090.34375;1156.7723153721875;13.01
1487203200;88945630.18750;1136.72515379625;12.78
1487289600;88976958.00000;1141.57437114;12.83
1487376000;89008169.71875;1141.084735794375;12.82
1487462400;89039436.90625;1142.3759755071875;12.83
1487548800;89070824.71875;1130.3087656809375;12.69
1487635200;89102241.59375;1118.2331320015625;12.55
1487721600;89133228.93750;1136.448668953125;12.75
1487808000;89164458.46875;1157.354670924375;12.98
1487894400;89195722.06250;1161.32830125375;13.02
1487980800;89227275.96875;1195.64549798125;13.40
1488067200;89259096.12500;1249.62734575;14.00
1488153600;89290342.53125;1351.855785923125;15.14
1488240000;89322198.62500;1412.18396026125;15.81
1488326400;89353343.46875;1485.9461018853125;16.63
1488412800;89384974.40625;1626.80653419375;18.20
1488499200;89416273.31250;1730.204888596875;19.35
1488585600;89447445.96875;1729.913605035625;19.34
1488672000;89479007.84375;1681.3105573840625;18.79
1488758400;89510160.96875;1757.0844598165625;19.63
